"CHROM","POS","REF","ALT","ID","prediction","LoGoFunc_neutral","LoGoFunc_GOF","LoGoFunc_LOF"
"22","33274431","C","A","22_33274431_C_A","Neutral","0.7982307388777434","0.0350032756047129","0.1667659855175434"
"22","33274431","C","G","22_33274431_C_G","Neutral","0.8340714272166387","0.0351722373262048","0.1307563354571563"
"22","33274431","C","T","22_33274431_C_T","Neutral","0.8179398895781421","0.0346514990362282","0.1474086113856296"
"22","33274432","T","A","22_33274432_T_A","Neutral","0.8082027459929956","0.0357274732554966","0.1560697807515079"
"22","33274432","T","C","22_33274432_T_C","Neutral","0.8328860020307376","0.0345441804347207","0.1325698175345415"
"22","33274432","T","G","22_33274432_T_G","Neutral","0.8024947681077764","0.0371881130218972","0.1603171188703264"
"22","33274433","G","C","22_33274433_G_C","Neutral","0.8207944891234419","0.0503972287540305","0.1288082821225275"
"22","33274433","G","T","22_33274433_G_T","Neutral","0.8195703347992581","0.0506300945314186","0.1297995706693231"
"22","33274434","T","A","22_33274434_T_A","Neutral","0.7296103960188408","0.0626338587862794","0.2077557451948797"
"22","33274434","T","C","22_33274434_T_C","Neutral","0.8621170942803634","0.0341266424932733","0.1037562632263632"
"22","33274434","T","G","22_33274434_T_G","Neutral","0.8571983307183352","0.0316781055643287","0.1111235637173359"
"22","33274435","T","A","22_33274435_T_A","Neutral","0.7455832254009911","0.0608836199324948","0.1935331546665141"
"22","33274435","T","C","22_33274435_T_C","Neutral","0.8211816939940925","0.047470681882336","0.1313476241235715"
"22","33274435","T","G","22_33274435_T_G","Neutral","0.7713340386924585","0.0519928479804699","0.1766731133270715"
"22","33274436","G","C","22_33274436_G_C","Neutral","0.8738688758837686","0.0274422583240912","0.0986888657921401"
"22","33274436","G","T","22_33274436_G_T","Neutral","0.8737403060404364","0.0275316340587161","0.0987280599008475"
"22","33274437","T","A","22_33274437_T_A","Neutral","0.793146530103755","0.0412178670556036","0.1656356028406414"
"22","33274437","T","C","22_33274437_T_C","Neutral","0.8786689443385297","0.0271367715734873","0.0941942840879831"
"22","33274437","T","G","22_33274437_T_G","Neutral","0.862688036584545","0.027413906452164","0.1098980569632909"
"22","33274438","T","A","22_33274438_T_A","Neutral","0.8126375681014172","0.0428665993265351","0.1444958325720476"
"22","33274438","T","C","22_33274438_T_C","Neutral","0.8582296373980253","0.0282618220016048","0.1135085406003697"
"22","33274438","T","G","22_33274438_T_G","Neutral","0.8484652793183965","0.0296153293412058","0.1219193913403976"
"22","33274439","C","A","22_33274439_C_A","Neutral","0.9098256814125498","0.032814022557561","0.057360296029889"
"22","33274439","C","G","22_33274439_C_G","Neutral","0.9101116434694806","0.0328748997405464","0.0570134567899728"
"22","33274440","T","A","22_33274440_T_A","Neutral","0.8456552223584051","0.0370172290661951","0.1173275485753997"
"22","33274440","T","C","22_33274440_T_C","Neutral","0.8587337498252967","0.0344014709922875","0.1068647791824156"
"22","33274440","T","G","22_33274440_T_G","Neutral","0.8698788796721009","0.0337191937682569","0.0964019265596421"
"22","33274441","C","G","22_33274441_C_G","Neutral","0.8744996612370523","0.0314524017577231","0.0940479370052245"
"22","33274441","C","T","22_33274441_C_T","Neutral","0.8266996671743877","0.0333786820011837","0.1399216508244287"
"22","33274443","G","A","22_33274443_G_A","Neutral","0.892228488099906","0.0374336415567305","0.0703378703433633"
"22","33274443","G","C","22_33274443_G_C","Neutral","0.8073055635734019","0.0589115447661884","0.1337828916604097"
"22","33274443","G","T","22_33274443_G_T","Neutral","0.7405849908820427","0.1266307669035314","0.1327842422144257"
"22","33274444","C","A","22_33274444_C_A","Neutral","0.8650945540228275","0.0506805530566436","0.0842248929205287"
"22","33274444","C","G","22_33274444_C_G","Neutral","0.7261943695051591","0.1089250416356818","0.164880588859159"
"22","33274444","C","T","22_33274444_C_T","Neutral","0.8505118504441775","0.0519598061602308","0.0975283433955915"
"22","33274446","G","A","22_33274446_G_A","Neutral","0.7355007576724731","0.1468473362705327","0.117651906056994"
"22","33274446","G","C","22_33274446_G_C","Neutral","0.7004556343661827","0.1586413226545974","0.1409030429792198"
"22","33274446","G","T","22_33274446_G_T","Neutral","0.7364467941311715","0.1485583167341021","0.1149948891347263"
"22","33274447","T","A","22_33274447_T_A","Neutral","0.8532030371352951","0.0760029669796417","0.0707939958850632"
"22","33274447","T","C","22_33274447_T_C","Neutral","0.8544000854228204","0.0757430154541065","0.0698568991230731"
"22","33274447","T","G","22_33274447_T_G","Neutral","0.8537270846416058","0.0660502045342089","0.0802227108241851"
"22","33274449","A","C","22_33274449_A_C","Neutral","0.7525058202920232","0.1075769922407281","0.1399171874672486"
"22","33274449","A","G","22_33274449_A_G","Neutral","0.641727869566777","0.1172461251796731","0.2410260052535499"
"22","33274449","A","T","22_33274449_A_T","Neutral","0.7955165713624696","0.067482557623653","0.1370008710138774"
"22","33274450","G","A","22_33274450_G_A","Neutral","0.8961639984142121","0.035053683895433","0.0687823176903548"
"22","33274450","G","C","22_33274450_G_C","Neutral","0.9018352929863752","0.035283875393815","0.0628808316198095"
"22","33274450","G","T","22_33274450_G_T","Neutral","0.8927696211194527","0.0340783264807737","0.0731520523997735"
"22","33274452","T","A","22_33274452_T_A","Neutral","0.7977211430045797","0.0546091382926601","0.14766971870276"
"22","33274452","T","C","22_33274452_T_C","Neutral","0.570492851011168","0.1243553127611499","0.3051518362276821"
"22","33274452","T","G","22_33274452_T_G","Neutral","0.5601465384922759","0.1333726833211226","0.3064807781866014"
"22","33274453","A","C","22_33274453_A_C","LOF","0.4155882712175994","0.1417124584530637","0.4426992703293368"
"22","33274453","A","G","22_33274453_A_G","Neutral","0.6717952867320536","0.1077364827549668","0.2204682305129795"
"22","33274453","A","T","22_33274453_A_T","Neutral","0.6012119896337492","0.1211384830213043","0.2776495273449465"
"22","33274454","T","A","22_33274454_T_A","Neutral","0.8194315666165541","0.060582599634954","0.1199858337484919"
"22","33274454","T","G","22_33274454_T_G","Neutral","0.8184056404733193","0.0624477099824898","0.1191466495441909"
"22","33274455","T","A","22_33274455_T_A","Neutral","0.5567483354857629","0.1403954224359526","0.3028562420782846"
"22","33274455","T","C","22_33274455_T_C","Neutral","0.7857217967893403","0.0664178740000508","0.1478603292106087"
"22","33274455","T","G","22_33274455_T_G","Neutral","0.7453288175514804","0.1118457962031669","0.1428253862453527"
"22","33274456","T","C","22_33274456_T_C","Neutral","0.6959687181018017","0.1187464426901177","0.1852848392080804"
"22","33274456","T","G","22_33274456_T_G","Neutral","0.7465996589194315","0.0984537318878391","0.1549466091927293"
"22","33274458","A","C","22_33274458_A_C","LOF","0.2501493596259787","0.1377317209214678","0.6121189194525535"
"22","33274458","A","G","22_33274458_A_G","LOF","0.1523882558535522","0.1467005916414164","0.7009111525050313"
"22","33274458","A","T","22_33274458_A_T","LOF","0.3484423293948411","0.1462341009719423","0.5053235696332165"
"22","33274459","G","C","22_33274459_G_C","Neutral","0.8276012897612193","0.0539726348019703","0.1184260754368102"
"22","33274459","G","T","22_33274459_G_T","Neutral","0.8554292739771817","0.0476017336180801","0.096968992404738"
"22","33274461","G","A","22_33274461_G_A","Neutral","0.7049666439912","0.0929722379701435","0.2020611180386564"
"22","33274461","G","C","22_33274461_G_C","Neutral","0.7949253868302432","0.0473618198856364","0.1577127932841203"
"22","33274461","G","T","22_33274461_G_T","LOF","0.4050724713620663","0.1373009914312902","0.4576265372066435"
"22","33274462","C","A","22_33274462_C_A","Neutral","0.8276150811011241","0.046885191379655","0.1254997275192208"
"22","33274462","C","G","22_33274462_C_G","Neutral","0.5381427875782503","0.101346827517571","0.3605103849041787"
"22","33274462","C","T","22_33274462_C_T","Neutral","0.7939534494184286","0.0582063449243915","0.1478402056571798"
"22","33274464","G","A","22_33274464_G_A","Neutral","0.8401866138790882","0.0463902354745727","0.113423150646339"
"22","33274464","G","C","22_33274464_G_C","Neutral","0.8849727751806695","0.0343174246352615","0.0807098001840689"
"22","33274464","G","T","22_33274464_G_T","Neutral","0.8157114017231114","0.0613274238806916","0.122961174396197"
"22","33274465","C","A","22_33274465_C_A","Neutral","0.9183470674412364","0.0308369683241668","0.0508159642345967"
"22","33274465","C","G","22_33274465_C_G","Neutral","0.7961480546793586","0.0499414074425713","0.1539105378780701"
"22","33274465","C","T","22_33274465_C_T","Neutral","0.9149584099372784","0.0291583361268769","0.0558832539358447"
"22","33274466","A","C","22_33274466_A_C","Neutral","0.8924202698834394","0.0402345524102967","0.0673451777062638"
"22","33274466","A","T","22_33274466_A_T","Neutral","0.8868621147234671","0.0441742674463141","0.0689636178302186"
"22","33274467","A","C","22_33274467_A_C","Neutral","0.8545737700293722","0.0639877863061121","0.0814384436645156"
"22","33274467","A","G","22_33274467_A_G","Neutral","0.9121805269598569","0.0354598706079496","0.0523596024321935"
"22","33274467","A","T","22_33274467_A_T","Neutral","0.8803618986450603","0.048158613366633","0.0714794879883066"
"22","33274468","A","C","22_33274468_A_C","Neutral","0.8805036929379074","0.049230861013226","0.0702654460488664"
"22","33274468","A","G","22_33274468_A_G","Neutral","0.8932809508153621","0.0350715330976433","0.0716475160869945"
"22","33274468","A","T","22_33274468_A_T","Neutral","0.8830894158127147","0.0340478821989381","0.0828627019883471"
"22","33274470","C","A","22_33274470_C_A","LOF","0.2912941552486496","0.1869178940320577","0.5217879507192926"
"22","33274470","C","G","22_33274470_C_G","Neutral","0.6977755430811658","0.1406738325744848","0.1615506243443493"
"22","33274470","C","T","22_33274470_C_T","Neutral","0.4213081310669481","0.1841673180952893","0.3945245508377624"
"22","33274471","C","A","22_33274471_C_A","Neutral","0.4117562591623286","0.2029414600793818","0.3853022807582894"
"22","33274471","C","G","22_33274471_C_G","LOF","0.3483340122252997","0.1812543046954369","0.4704116830792634"
"22","33274471","C","T","22_33274471_C_T","Neutral","0.5436448407214609","0.1459245539285283","0.3104306053500106"
"22","33274473","T","A","22_33274473_T_A","Neutral","0.8045755475311779","0.0366043412351257","0.1588201112336963"
"22","33274473","T","C","22_33274473_T_C","LOF","0.2858471430344546","0.0797159900028489","0.6344368669626964"
"22","33274473","T","G","22_33274473_T_G","LOF","0.3710432486873762","0.0799220130223709","0.5490347382902528"
"22","33274474","A","C","22_33274474_A_C","LOF","0.2239579229894567","0.0878777095441716","0.6881643674663718"
"22","33274474","A","G","22_33274474_A_G","Neutral","0.7015877713089324","0.0649152654782344","0.2334969632128332"
"22","33274474","A","T","22_33274474_A_T","LOF","0.273498199270337","0.0830152981549669","0.643486502574696"
"22","33274476","C","A","22_33274476_C_A","Neutral","0.7883245716465936","0.0459090465394553","0.165766381813951"
"22","33274476","C","G","22_33274476_C_G","Neutral","0.7064381459512641","0.0666207342735948","0.2269411197751411"
"22","33274476","C","T","22_33274476_C_T","Neutral","0.8830670979371216","0.0351879839272287","0.0817449181356498"
"22","33274477","G","A","22_33274477_G_A","Neutral","0.667388244090898","0.0588467556770733","0.2737650002320285"
"22","33274477","G","C","22_33274477_G_C","Neutral","0.8055146914282367","0.051621410487034","0.1428638980847291"
"22","33274477","G","T","22_33274477_G_T","Neutral","0.8537181996032126","0.0386621120163477","0.1076196883804396"
"22","33274479","C","A","22_33274479_C_A","LOF","0.3965771176915163","0.1722309600540918","0.4311919222543918"
"22","33274479","C","G","22_33274479_C_G","LOF","0.1906289956453348","0.172034589690192","0.6373364146644731"
"22","33274479","C","T","22_33274479_C_T","Neutral","0.5773539272776472","0.098720357264539","0.3239257154578137"
"22","33274480","G","A","22_33274480_G_A","Neutral","0.4941248347404384","0.1625543322412949","0.3433208330182665"
"22","33274480","G","C","22_33274480_G_C","Neutral","0.4073017627826258","0.2072426854194131","0.385455551797961"
"22","33274480","G","T","22_33274480_G_T","Neutral","0.5670760613059613","0.1450849511435249","0.2878389875505136"
"22","33274482","G","A","22_33274482_G_A","Neutral","0.5958177474568989","0.1309018448080308","0.2732804077350703"
"22","33274482","G","C","22_33274482_G_C","Neutral","0.7034525864295804","0.0753532578224584","0.2211941557479611"
"22","33274482","G","T","22_33274482_G_T","Neutral","0.6377162720328863","0.1355131917736443","0.2267705361934693"
"22","33274483","A","C","22_33274483_A_C","Neutral","0.8530231994530435","0.0572020728140694","0.0897747277328869"
"22","33274483","A","G","22_33274483_A_G","Neutral","0.7941384805010748","0.0561911694272146","0.1496703500717105"
"22","33274483","A","T","22_33274483_A_T","Neutral","0.8311694333420506","0.0584536708702423","0.1103768957877069"
"22","33274484","C","A","22_33274484_C_A","Neutral","0.8009452544555289","0.0500135753605682","0.149041170183903"
"22","33274484","C","G","22_33274484_C_G","Neutral","0.7991600370739073","0.0507224602836355","0.1501175026424572"
"22","33274484","C","T","22_33274484_C_T","Neutral","0.797887039756626","0.0499165140198782","0.1521964462234956"
"22","33274485","A","C","22_33274485_A_C","Neutral","0.5195665142116734","0.0892775099980241","0.3911559757903023"
"22","33274485","A","G","22_33274485_A_G","Neutral","0.7468095378379815","0.0725739802198825","0.1806164819421357"
"22","33274485","A","T","22_33274485_A_T","Neutral","0.5506918786558767","0.0924119308601647","0.3568961904839585"
"22","33274486","T","A","22_33274486_T_A","Neutral","0.8757737977658914","0.0378978489766466","0.0863283532574621"
"22","33274486","T","C","22_33274486_T_C","Neutral","0.7756010659906647","0.050914988663221","0.1734839453461143"
"22","33274486","T","G","22_33274486_T_G","Neutral","0.8765819489528964","0.0379870842216152","0.0854309668254882"
"22","33274487","G","C","22_33274487_G_C","Neutral","0.8938658427268555","0.0368724454655096","0.0692617118076349"
"22","33274487","G","T","22_33274487_G_T","Neutral","0.8921389507673879","0.0372067488755169","0.0706543003570951"
"22","33274488","T","A","22_33274488_T_A","Neutral","0.6727475620118256","0.0974704072318668","0.2297820307563074"
"22","33274488","T","C","22_33274488_T_C","Neutral","0.7083069283196419","0.0544785257893503","0.2372145458910076"
"22","33274488","T","G","22_33274488_T_G","Neutral","0.7496766150827432","0.0587884271298596","0.1915349577873971"
"22","33274489","C","A","22_33274489_C_A","Neutral","0.7788222490737682","0.0598375154948093","0.1613402354314225"
"22","33274489","C","G","22_33274489_C_G","Neutral","0.7794683725011271","0.0485281432793104","0.1720034842195624"
"22","33274489","C","T","22_33274489_C_T","Neutral","0.8800508240192223","0.0334968562549832","0.0864523197257944"
"22","33274490","C","A","22_33274490_C_A","Neutral","0.7615018168402096","0.0609516690803627","0.1775465140794276"
"22","33274490","C","G","22_33274490_C_G","Neutral","0.7625791995929705","0.060235043207894","0.1771857571991354"
"22","33274491","T","A","22_33274491_T_A","Neutral","0.7551364488581326","0.0731133282943055","0.1717502228475617"
"22","33274491","T","C","22_33274491_T_C","Neutral","0.785528940341459","0.0767313176098394","0.1377397420487015"
"22","33274491","T","G","22_33274491_T_G","Neutral","0.6461310268804425","0.111020835616933","0.2428481375026244"
"22","33274492","G","C","22_33274492_G_C","Neutral","0.795852092040947","0.0714199839826754","0.1327279239763775"
"22","33274492","G","T","22_33274492_G_T","Neutral","0.8726279429364309","0.0465691081073453","0.0808029489562235"
"22","33274493","C","A","22_33274493_C_A","Neutral","0.8970876733514809","0.0460362550486289","0.05687607159989"
"22","33274493","C","G","22_33274493_C_G","Neutral","0.8945387024151268","0.0487934478068697","0.0566678497780033"
"22","33274494","T","A","22_33274494_T_A","Neutral","0.8245282841068811","0.0714513219200245","0.1040203939730942"
"22","33274494","T","C","22_33274494_T_C","Neutral","0.8249496271425886","0.0690258232131219","0.1060245496442894"
"22","33274494","T","G","22_33274494_T_G","Neutral","0.6962780346517207","0.111891695931176","0.1918302694171033"
"22","33274495","G","C","22_33274495_G_C","Neutral","0.8310332565694825","0.0627858322950519","0.1061809111354654"
"22","33274495","G","T","22_33274495_G_T","Neutral","0.8324656628115387","0.0672607505336158","0.1002735866548456"
"22","33274496","A","C","22_33274496_A_C","Neutral","0.5437663257681271","0.1507782724761425","0.3054554017557302"
"22","33274496","A","T","22_33274496_A_T","Neutral","0.5331789134559374","0.1664647644647736","0.300356322079289"
"22","33274497","A","C","22_33274497_A_C","LOF","0.1812369451722485","0.1279678095580836","0.6907952452696678"
"22","33274497","A","G","22_33274497_A_G","LOF","0.1147867327176576","0.1066781128354588","0.7785351544468835"
"22","33274497","A","T","22_33274497_A_T","Neutral","0.5480409204029434","0.1417098140085208","0.3102492655885357"
"22","33274498","A","C","22_33274498_A_C","LOF","0.2726116761476286","0.1100140968119875","0.6173742270403839"
"22","33274498","A","G","22_33274498_A_G","LOF","0.3476726290115857","0.1222978676288776","0.5300295033595367"
"22","33274498","A","T","22_33274498_A_T","LOF","0.4236063251577798","0.1128611028484867","0.4635325719937332"
"22","33274499","C","A","22_33274499_C_A","Neutral","0.6930023705405423","0.1269263370932225","0.1800712923662351"
"22","33274499","C","G","22_33274499_C_G","Neutral","0.6943699936302106","0.1272530356104468","0.1783769707593426"
"22","33274500","T","A","22_33274500_T_A","LOF","0.3356297371040082","0.172421573841829","0.4919486890541625"
"22","33274500","T","C","22_33274500_T_C","Neutral","0.5086800320500346","0.1426297446218634","0.3486902233281019"
"22","33274500","T","G","22_33274500_T_G","Neutral","0.6338248198493612","0.1293570523144995","0.2368181278361392"
"22","33274501","C","G","22_33274501_C_G","Neutral","0.6612597635038812","0.1243480227125591","0.2143922137835597"
"22","33274501","C","T","22_33274501_C_T","Neutral","0.519983467172725","0.14068506057614","0.3393314722511349"
"22","33274502","T","A","22_33274502_T_A","Neutral","0.9015904637653872","0.0465038493823609","0.0519056868522517"
"22","33274502","T","G","22_33274502_T_G","Neutral","0.9006529044290792","0.0464568726098281","0.0528902229610924"
"22","33274503","T","A","22_33274503_T_A","Neutral","0.7139179150508663","0.0676568702567895","0.2184252146923441"
"22","33274503","T","C","22_33274503_T_C","Neutral","0.839934363006179","0.0602211416516358","0.099844495342185"
"22","33274503","T","G","22_33274503_T_G","Neutral","0.8181217752996575","0.0581887630326048","0.1236894616677375"
"22","33274504","C","G","22_33274504_C_G","Neutral","0.8022669949447829","0.056290453498425","0.141442551556792"
"22","33274504","C","T","22_33274504_C_T","Neutral","0.7926139243023077","0.0549636974299584","0.1524223782677337"
"22","33274505","C","A","22_33274505_C_A","Neutral","0.7758053761139264","0.0546490324229564","0.1695455914631173"
"22","33274505","C","G","22_33274505_C_G","Neutral","0.7738471068937994","0.0566009586174519","0.1695519344887487"
"22","33274506","T","A","22_33274506_T_A","Neutral","0.7171801270212652","0.0710466649951226","0.2117732079836121"
"22","33274506","T","C","22_33274506_T_C","Neutral","0.8724380705630145","0.0361060201841212","0.0914559092528642"
"22","33274506","T","G","22_33274506_T_G","Neutral","0.6836642982889827","0.0941622687275437","0.2221734329834735"
"22","33274507","T","C","22_33274507_T_C","Neutral","0.6838301000167464","0.0983336235305962","0.2178362764526573"
"22","33274507","T","G","22_33274507_T_G","Neutral","0.756575631497925","0.0562662056350481","0.1871581628670268"
"22","33274509","A","C","22_33274509_A_C","LOF","0.155007267900978","0.1171638255004755","0.7278289065985465"
"22","33274509","A","G","22_33274509_A_G","LOF","0.0788151098375749","0.1022478598423706","0.8189370303200544"
"22","33274509","A","T","22_33274509_A_T","LOF","0.172396413522798","0.1237141156270109","0.7038894708501909"
"22","33274510","G","A","22_33274510_G_A","Neutral","0.5902339344463841","0.1225036343755976","0.2872624311780183"
"22","33274510","G","C","22_33274510_G_C","Neutral","0.7401737962910542","0.0685441926083178","0.1912820111006279"
"22","33274510","G","T","22_33274510_G_T","Neutral","0.7207130725363015","0.0981175899830785","0.18116933748062"
"22","33274512","G","A","22_33274512_G_A","Neutral","0.7539660274475927","0.1042840157230494","0.1417499568293579"
"22","33274512","G","C","22_33274512_G_C","Neutral","0.7712999443523197","0.1069963186000615","0.1217037370476185"
"22","33274512","G","T","22_33274512_G_T","Neutral","0.7150754095721014","0.110967144688178","0.1739574457397205"
"22","33274513","T","A","22_33274513_T_A","Neutral","0.772310022254887","0.1079996532313212","0.1196903245137918"
"22","33274513","T","C","22_33274513_T_C","Neutral","0.7515268626617855","0.1238123479323913","0.124660789405823"
"22","33274513","T","G","22_33274513_T_G","Neutral","0.7264294398040406","0.0717377547837631","0.2018328054121961"
"22","33274514","T","A","22_33274514_T_A","Neutral","0.9153478162660348","0.0425456129244489","0.0421065708095163"
"22","33274514","T","G","22_33274514_T_G","Neutral","0.9158467054140508","0.0421898550317914","0.0419634395541577"
"22","33274515","T","A","22_33274515_T_A","Neutral","0.7830674402390149","0.0569577662262426","0.1599747935347423"
"22","33274515","T","C","22_33274515_T_C","Neutral","0.8781482949809484","0.0408148312781496","0.0810368737409019"
"22","33274515","T","G","22_33274515_T_G","Neutral","0.8917034837972223","0.0373038072479886","0.0709927089547891"
"22","33274516","T","C","22_33274516_T_C","Neutral","0.86325523524999","0.05042309371081","0.0863216710391999"
"22","33274516","T","G","22_33274516_T_G","Neutral","0.8946990795845936","0.0394647804204433","0.0658361399949629"
"22","33274518","A","C","22_33274518_A_C","LOF","0.2688358438386286","0.1053727125371437","0.6257914436242277"
"22","33274518","A","G","22_33274518_A_G","LOF","0.1695014611421823","0.1070492216253031","0.7234493172325147"
"22","33274518","A","T","22_33274518_A_T","LOF","0.3862726651944707","0.1160463266342543","0.4976810081712751"
"22","33274519","G","A","22_33274519_G_A","Neutral","0.629073520367492","0.1134686750453212","0.2574578045871867"
"22","33274519","G","C","22_33274519_G_C","Neutral","0.8008731312646787","0.0645516394298213","0.1345752293055"
"22","33274519","G","T","22_33274519_G_T","Neutral","0.6938657429132856","0.0926892834507446","0.2134449736359697"
"22","33274520","A","C","22_33274520_A_C","LOF","0.2064115592387862","0.1616271435663419","0.6319612971948718"
"22","33274521","C","A","22_33274521_C_A","LOF","0.2842527581849825","0.1493725102838918","0.5663747315311256"
"22","33274521","C","G","22_33274521_C_G","LOF","0.4427371948908601","0.0892806374929921","0.4679821676161476"
"22","33274521","C","T","22_33274521_C_T","LOF","0.2783009094712838","0.1594927384058829","0.5622063521228333"
"22","33274522","A","C","22_33274522_A_C","LOF","0.2010005514569233","0.114405183837048","0.6845942647060287"
"22","33274522","A","G","22_33274522_A_G","LOF","0.1403105677496426","0.1418628086714569","0.7178266235789005"
"22","33274522","A","T","22_33274522_A_T","LOF","0.3816711615694652","0.1032891616592369","0.5150396767712979"
"22","33274523","G","C","22_33274523_G_C","Neutral","0.902881724155813","0.0415468316979963","0.0555714441461906"
"22","33274524","A","C","22_33274524_A_C","Neutral","0.861672482802213","0.0571797355996961","0.0811477815980907"
"22","33274524","A","G","22_33274524_A_G","Neutral","0.87581668437652","0.0435194254649856","0.0806638901584943"
"22","33274524","A","T","22_33274524_A_T","Neutral","0.8864073813889664","0.0437762556352903","0.0698163629757432"
"22","33274525","T","A","22_33274525_T_A","Neutral","0.9109326928472776","0.0418943802092434","0.0471729269434789"
"22","33274525","T","C","22_33274525_T_C","Neutral","0.9074350103411568","0.0494647343202921","0.0431002553385509"
"22","33274525","T","G","22_33274525_T_G","Neutral","0.9129936035051964","0.0426640800256651","0.0443423164691384"
"22","33274527","C","A","22_33274527_C_A","LOF","0.3244505606498918","0.1359716243741406","0.5395778149759675"
"22","33274527","C","G","22_33274527_C_G","LOF","0.1240882402830989","0.1495946995318966","0.7263170601850044"
"22","33274527","C","T","22_33274527_C_T","Neutral","0.4526384285279739","0.1449018782238616","0.4024596932481644"
"22","33274528","G","A","22_33274528_G_A","LOF","0.2611626652317073","0.1817345788666595","0.5571027559016333"
"22","33274528","G","C","22_33274528_G_C","LOF","0.2320055529196152","0.1814913750455875","0.5865030720347972"
"22","33274528","G","T","22_33274528_G_T","LOF","0.2703537690158754","0.1621872664764761","0.5674589645076485"
"22","33274530","T","A","22_33274530_T_A","Neutral","0.6304670763895698","0.0796659395387535","0.2898669840716766"
"22","33274530","T","C","22_33274530_T_C","LOF","0.223423203767669","0.1454455740317428","0.6311312222005881"
"22","33274530","T","G","22_33274530_T_G","LOF","0.1942932772006465","0.1369860328092344","0.668720689990119"
"22","33274531","A","C","22_33274531_A_C","LOF","0.1415266374031356","0.1422480012991857","0.7162253612976787"
"22","33274531","A","G","22_33274531_A_G","LOF","0.4129246794829418","0.1131887400052744","0.4738865805117838"
"22","33274531","A","T","22_33274531_A_T","LOF","0.2295660835844387","0.1323996773742228","0.6380342390413385"
"22","33274532","T","A","22_33274532_T_A","Neutral","0.8782774965934963","0.0427345974007982","0.0789879060057054"
"22","33274532","T","G","22_33274532_T_G","Neutral","0.8784967747055998","0.0428505168052126","0.0786527084891874"
"22","33274533","T","A","22_33274533_T_A","Neutral","0.8280552096541933","0.0604372324182214","0.1115075579275854"
"22","33274533","T","C","22_33274533_T_C","Neutral","0.8276242278698893","0.0581172050800301","0.1142585670500806"
"22","33274533","T","G","22_33274533_T_G","Neutral","0.7661001503597742","0.0643530396907399","0.1695468099494858"
"22","33274534","G","C","22_33274534_G_C","Neutral","0.8584909195063107","0.0439555717923635","0.0975535087013257"
"22","33274534","G","T","22_33274534_G_T","Neutral","0.8487765761326455","0.0569880408456901","0.0942353830216643"
"22","33274535","C","A","22_33274535_C_A","Neutral","0.852459823759037","0.0458264641018224","0.1017137121391406"
"22","33274535","C","G","22_33274535_C_G","Neutral","0.8473690021567085","0.0473947434088149","0.1052362544344765"
"22","33274536","T","A","22_33274536_T_A","Neutral","0.7478714674992787","0.0659674851995887","0.1861610473011326"
"22","33274536","T","C","22_33274536_T_C","Neutral","0.8441829224248895","0.0456581077987431","0.1101589697763674"
"22","33274536","T","G","22_33274536_T_G","Neutral","0.8227594827097755","0.0582950721908334","0.1189454450993909"
"22","33274537","T","C","22_33274537_T_C","Neutral","0.8236730533423358","0.0583229490685174","0.1180039975891468"
"22","33274537","T","G","22_33274537_T_G","Neutral","0.850245590525163","0.0452224399863456","0.1045319694884913"
"22","33274538","G","C","22_33274538_G_C","Neutral","0.7868971703933512","0.0571890487670278","0.1559137808396209"
"22","33274538","G","T","22_33274538_G_T","Neutral","0.7803156631835323","0.0588220934367332","0.1608622433797346"
"22","33274539","T","A","22_33274539_T_A","Neutral","0.6985906922332776","0.0631905342609293","0.238218773505793"
"22","33274539","T","C","22_33274539_T_C","Neutral","0.8497507293764663","0.0425807034845941","0.1076685671389394"
"22","33274539","T","G","22_33274539_T_G","Neutral","0.7838154253915419","0.0517737882004895","0.1644107864079684"
"22","33274540","T","A","22_33274540_T_A","Neutral","0.6716547230872982","0.0713012948079516","0.2570439821047501"
"22","33274540","T","C","22_33274540_T_C","Neutral","0.8093828321933617","0.0412032428451846","0.1494139249614537"
"22","33274540","T","G","22_33274540_T_G","Neutral","0.7385503714587143","0.0393493154858621","0.2221003130554236"
"22","33274542","G","A","22_33274542_G_A","Neutral","0.5145637232547896","0.1734093734810884","0.3120269032641218"
"22","33274542","G","C","22_33274542_G_C","Neutral","0.6314347266151593","0.1524128743012666","0.2161523990835741"
"22","33274542","G","T","22_33274542_G_T","Neutral","0.5624996632490105","0.1883537151892979","0.2491466215616916"
"22","33274543","A","C","22_33274543_A_C","Neutral","0.837025393674318","0.057030472690115","0.105944133635567"
"22","33274543","A","G","22_33274543_A_G","Neutral","0.5161892483237099","0.1006857770490936","0.3831249746271963"
"22","33274543","A","T","22_33274543_A_T","Neutral","0.8432057496451323","0.0447969760462246","0.1119972743086429"
"22","33274545","C","A","22_33274545_C_A","LOF","0.2626152598943657","0.1447379471818369","0.5926467929237974"
"22","33274545","C","G","22_33274545_C_G","LOF","0.1436821592384916","0.1350248672443423","0.7212929735171659"
"22","33274545","C","T","22_33274545_C_T","LOF","0.3027763488298335","0.1755013315380216","0.5217223196321448"
"22","33274546","G","A","22_33274546_G_A","LOF","0.1619739863909489","0.1958126113136843","0.6422134022953667"
"22","33274546","G","C","22_33274546_G_C","LOF","0.1265947643943104","0.2720255444747539","0.6013796911309357"
"22","33274546","G","T","22_33274546_G_T","LOF","0.2194778506173822","0.1877762276587422","0.5927459217238754"
"22","33274547","G","C","22_33274547_G_C","Neutral","0.5786470198484479","0.1216538375019601","0.2996991426495919"
"22","33274547","G","T","22_33274547_G_T","Neutral","0.576336687512387","0.122012759650654","0.3016505528369591"
"22","33274548","A","C","22_33274548_A_C","LOF","0.2892289022142541","0.1701141703278428","0.5406569274579031"
"22","33274548","A","G","22_33274548_A_G","LOF","0.3288587850078814","0.1239771900317064","0.5471640249604122"
"22","33274548","A","T","22_33274548_A_T","Neutral","0.6880585767880264","0.125957464611156","0.1859839586008176"
"22","33274549","A","C","22_33274549_A_C","Neutral","0.5276645025302854","0.1171929116832804","0.3551425857864341"
"22","33274549","A","G","22_33274549_A_G","Neutral","0.5007313942658923","0.1162914217580751","0.3829771839760325"
"22","33274549","A","T","22_33274549_A_T","Neutral","0.6117548504385176","0.0733514422817316","0.3148937072797507"
"22","33274550","C","A","22_33274550_C_A","Neutral","0.7308626085464455","0.0598753676831791","0.2092620237703753"
"22","33274550","C","G","22_33274550_C_G","Neutral","0.7347381966693833","0.0586693334767634","0.2065924698538533"
"22","33274551","T","A","22_33274551_T_A","Neutral","0.502813590521679","0.0923133978336189","0.404873011644702"
"22","33274551","T","C","22_33274551_T_C","Neutral","0.8106987190636561","0.0558761724404244","0.1334251084959194"
"22","33274551","T","G","22_33274551_T_G","Neutral","0.6509109072953388","0.0722509430708815","0.2768381496337796"
"22","33274552","T","C","22_33274552_T_C","Neutral","0.587829819239063","0.1314995770929393","0.2806706036679977"
"22","33274552","T","G","22_33274552_T_G","Neutral","0.7455324806639703","0.0540696230653374","0.2003978962706923"
"22","33274554","G","A","22_33274554_G_A","Neutral","0.8081345774962676","0.0562774195310124","0.1355880029727197"
"22","33274554","G","C","22_33274554_G_C","Neutral","0.8790022168397214","0.0449963378303861","0.0760014453298924"
"22","33274554","G","T","22_33274554_G_T","Neutral","0.8458513321083131","0.0421369875418387","0.1120116803498482"
"22","33274555","T","A","22_33274555_T_A","Neutral","0.8917491190098007","0.0428036732487529","0.0654472077414464"
"22","33274555","T","C","22_33274555_T_C","Neutral","0.88994120401334","0.0399603148987028","0.0700984810879572"
"22","33274555","T","G","22_33274555_T_G","Neutral","0.8147395896799106","0.0408802914940297","0.1443801188260597"
"22","33274556","A","C","22_33274556_A_C","Neutral","0.7376214266241646","0.0831428601561772","0.179235713219658"
"22","33274557","A","C","22_33274557_A_C","Neutral","0.5060005562063581","0.1124357431896431","0.3815637006039989"
"22","33274557","A","G","22_33274557_A_G","Neutral","0.5969100248504158","0.1208329492721898","0.2822570258773944"
"22","33274557","A","T","22_33274557_A_T","Neutral","0.5628563265396676","0.1223679560585446","0.3147757174017877"
"22","33274558","T","A","22_33274558_T_A","Neutral","0.58620823163445","0.124296089244433","0.2894956791211169"
"22","33274558","T","C","22_33274558_T_C","Neutral","0.8084120781655685","0.0502696841642779","0.1413182376701535"
"22","33274558","T","G","22_33274558_T_G","Neutral","0.7926558276379296","0.0584716503971303","0.1488725219649401"
"22","33274559","G","C","22_33274559_G_C","Neutral","0.7684260541099904","0.0609381847592608","0.1706357611307487"
"22","33274559","G","T","22_33274559_G_T","Neutral","0.7640864988957438","0.0623343834458391","0.1735791176584171"
"22","33274560","T","A","22_33274560_T_A","LOF","0.4160331502658279","0.1434298221047171","0.4405370276294549"
"22","33274560","T","C","22_33274560_T_C","LOF","0.4324327554813785","0.1253474713955245","0.4422197731230969"
"22","33274560","T","G","22_33274560_T_G","Neutral","0.4496516318064539","0.1309914217648374","0.4193569464287087"
"22","33274561","C","A","22_33274561_C_A","Neutral","0.4659000867831172","0.1228259774107754","0.4112739358061074"
"22","33274561","C","G","22_33274561_C_G","Neutral","0.4928542051947145","0.1091128163140093","0.3980329784912761"
"22","33274561","C","T","22_33274561_C_T","Neutral","0.4585997526029143","0.1175042321406214","0.4238960152564644"
"22","33274562","G","C","22_33274562_G_C","Neutral","0.6677996970542234","0.1777976052472328","0.1544026976985439"
"22","33274562","G","T","22_33274562_G_T","Neutral","0.6509987009358775","0.1861698779057159","0.1628314211584065"
"22","33274563","A","C","22_33274563_A_C","Neutral","0.6233530034860554","0.1426500173670169","0.2339969791469277"
"22","33274563","A","G","22_33274563_A_G","Neutral","0.5314961656283914","0.1408892073223439","0.3276146270492646"
"22","33274563","A","T","22_33274563_A_T","Neutral","0.7474359753080604","0.0757174059767532","0.1768466187151862"
"22","33274564","A","C","22_33274564_A_C","Neutral","0.6890273530088268","0.1236757627080798","0.1872968842830933"
"22","33274564","A","G","22_33274564_A_G","Neutral","0.6621720795014113","0.1409514819763355","0.1968764385222531"
"22","33274564","A","T","22_33274564_A_T","Neutral","0.7101115122398061","0.0777457692904526","0.2121427184697412"
"22","33274565","G","C","22_33274565_G_C","Neutral","0.4879493287523673","0.1595856346047997","0.3524650366428329"
"22","33274565","G","T","22_33274565_G_T","Neutral","0.4648060663997885","0.1727503565728557","0.3624435770273558"
"22","33274566","C","A","22_33274566_C_A","LOF","0.34271929593698","0.1436489000289376","0.5136318040340824"
"22","33274566","C","G","22_33274566_C_G","Neutral","0.5813216260748445","0.0716010456196515","0.3470773283055039"
"22","33274566","C","T","22_33274566_C_T","Neutral","0.5247843186690937","0.0803045118128011","0.3949111695181052"
"22","33274567","T","A","22_33274567_T_A","Neutral","0.5412670710533644","0.1147105605830153","0.3440223683636202"
"22","33274567","T","C","22_33274567_T_C","Neutral","0.5039512597126035","0.1427480578182788","0.3533006824691176"
"22","33274567","T","G","22_33274567_T_G","Neutral","0.4312243675663653","0.1795927880487336","0.3891828443849011"
"22","33274569","G","A","22_33274569_G_A","LOF","0.4020861806432749","0.1307540905231711","0.467159728833554"
"22","33274569","G","C","22_33274569_G_C","LOF","0.3617412206845791","0.152201383481322","0.4860573958340989"
"22","33274569","G","T","22-33274569-G-T","LOF","0.3426979223369847","0.1837895036453763","0.4735125740176388"
"22","33274570","G","A","22_33274570_G_A","Neutral","0.5612483078643605","0.1341221481465022","0.3046295439891371"
"22","33274570","G","C","22_33274570_G_C","Neutral","0.6505560758554515","0.0778028521207771","0.2716410720237714"
"22","33274570","G","T","22_33274570_G_T","Neutral","0.528802461173422","0.1294198682834718","0.3417776705431062"
"22","33274572","G","A","22_33274572_G_A","Neutral","0.6293854155181456","0.0703364459487271","0.3002781385331271"
"22","33274572","G","C","22_33274572_G_C","Neutral","0.6958614712254408","0.0645354742930486","0.2396030544815105"
"22","33274572","G","T","22_33274572_G_T","Neutral","0.4528821588520653","0.1275778249919364","0.4195400161559982"
"22","33274573","C","A","22_33274573_C_A","Neutral","0.7379425746681568","0.0642104011515154","0.1978470241803278"
"22","33274573","C","G","22_33274573_C_G","Neutral","0.6073254024123079","0.095512303084375","0.297162294503317"
"22","33274573","C","T","22_33274573_C_T","Neutral","0.6741085167688489","0.0618691556563031","0.264022327574848"
"22","33274574","A","C","22_33274574_A_C","LOF","0.3041279858251379","0.1415825347086417","0.5542894794662204"
"22","33274574","A","T","22_33274574_A_T","LOF","0.2345268363366569","0.1760158590972806","0.5894573045660625"
"22","33274575","T","A","22_33274575_T_A","LOF","0.2602251968065576","0.1210231559185188","0.6187516472749236"
"22","33274575","T","C","22_33274575_T_C","LOF","0.2610854652503129","0.1204364735346701","0.6184780612150168"
"22","33274575","T","G","22_33274575_T_G","LOF","0.302860275545649","0.1059965410541023","0.5911431834002487"
"22","33274576","G","A","22_33274576_G_A","LOF","0.3821575291344059","0.1116426411256221","0.5061998297399719"
"22","33274576","G","C","22_33274576_G_C","LOF","0.2262355594137625","0.1338422049539895","0.6399222356322478"
"22","33274576","G","T","22_33274576_G_T","LOF","0.3114123001638852","0.1170298745238359","0.5715578253122789"
"22","33274578","G","A","22_33274578_G_A","LOF","0.136879868276645","0.1026612123419388","0.7604589193814161"
"22","33274578","G","C","22_33274578_G_C","LOF","0.143610485141133","0.1115010778835203","0.7448884369753467"
"22","33274578","G","T","22_33274578_G_T","LOF","0.1981186009058298","0.1374960301268739","0.6643853689672962"
"22","33274579","G","A","22_33274579_G_A","LOF","0.4116208496763161","0.0882064413654176","0.5001727089582663"
"22","33274579","G","C","22_33274579_G_C","LOF","0.4469498730990864","0.0897442757728024","0.463305851128111"
"22","33274579","G","T","22_33274579_G_T","LOF","0.1905649110474679","0.1225541070591057","0.6868809818934262"
"22","33274580","C","A","22_33274580_C_A","Neutral","0.5340770634687293","0.0761390661058487","0.389783870425422"
"22","33274580","C","G","22_33274580_C_G","Neutral","0.5291434650643061","0.0757697493207645","0.3950867856149293"
"22","33274580","C","T","22_33274580_C_T","Neutral","0.5258190478771216","0.0757817716900214","0.398399180432857"
"22","33274581","A","C","22_33274581_A_C","LOF","0.3693742306383333","0.0911020171009859","0.5395237522606807"
"22","33274581","A","G","22_33274581_A_G","LOF","0.4382848180694955","0.0726481469170326","0.4890670350134719"
"22","33274581","A","T","22_33274581_A_T","LOF","0.4107692881411853","0.0781883156649171","0.5110423961938976"
"22","33274582","T","A","22_33274582_T_A","Neutral","0.6412525482054707","0.0602764507347564","0.2984710010597728"
"22","33274582","T","C","22_33274582_T_C","Neutral","0.4891623759958919","0.0837784208408799","0.427059203163228"
"22","33274582","T","G","22_33274582_T_G","Neutral","0.6449729052697691","0.0591578341039002","0.2958692606263305"
"22","33274583","G","C","22_33274583_G_C","LOF","0.155411614453449","0.0795990473654123","0.7649893381811386"
"22","33274583","G","T","22_33274583_G_T","LOF","0.1342738213094955","0.0827775762382068","0.7829486024522976"
"22","33274584","T","A","22_33274584_T_A","LOF","0.0944306771594723","0.1786187632286558","0.7269505596118718"
